%YAML:1.0
---
projAxis: [ -9.2892181128263474e-03, -7.2947271168231964e-02,
    9.9729251861572266e-01, -3.9023952558636665e-03,
    -9.9056726321578026e-03, 3.7607681751251221e-01 ]
